1.034181818181818215e+02 7.799090909090908497e+01 6.634545454545454390e+01
2.536666666666666572e+02 2.480000000000000000e+02 6.666666666666666297e-01
1.000000000000000000e+01 1.387500000000000000e+01 2.250000000000000000e+01
2.503000000000000114e+02 2.431999999999999886e+02 2.789999999999999858e+01
1.911111111111111072e+01 2.333333333333333481e+00 1.200000000000000000e+01
2.356666666666666572e+02 2.413333333333333428e+02 7.000000000000000000e+00
1.800000000000000000e+01 6.000000000000000000e+00 2.600000000000000000e+01
2.510588235294117680e+02 2.050000000000000000e+02 1.488235294117647101e+01
2.750000000000000000e+00 8.262500000000000000e+01 1.440000000000000000e+02
2.512142857142857224e+02 1.663571428571428612e+02 1.714285714285714235e+01
9.666666666666666075e+00 7.783333333333332860e+01 1.234166666666666714e+02
2.485000000000000000e+02 1.706250000000000000e+02 5.525000000000000000e+01
2.300000000000000000e+01 1.100000000000000000e+01 2.000000000000000000e+01
2.158695652173913118e+02 1.782608695652174049e+02 2.017391304347826164e+01
1.604761904761904745e+01 1.333333333333333393e+01 1.190476190476190466e+00
2.295454545454545325e+02 1.699090909090909065e+02 8.054545454545454675e+01
2.025000000000000000e+01 1.900000000000000000e+01 1.058333333333333393e+01
2.298666666666666742e+02 1.358000000000000114e+02 4.599999999999999645e+00
6.714285714285714413e+00 6.371428571428571530e+01 1.011428571428571388e+02
1.986666666666666572e+02 1.266666666666666714e+02 5.283333333333333570e+01
3.250000000000000000e+01 5.500000000000000000e+00 2.275000000000000000e+01
2.108000000000000114e+02 1.394000000000000057e+02 7.940000000000000568e+01
2.250000000000000000e+01 3.100000000000000000e+01 1.883333333333333215e+01
1.892500000000000000e+02 1.758333333333333428e+02 1.645833333333333428e+02
4.537500000000000000e+01 8.375000000000000000e+00 2.625000000000000000e+00
2.013043478260869676e+02 1.662173913043478137e+02 1.182608695652173907e+02
3.200000000000000000e+01 6.000000000000000000e+00 3.500000000000000000e+01
1.851999999999999886e+02 1.485999999999999943e+02 1.270000000000000000e+02
2.677777777777777857e+01 2.011111111111111072e+01 2.966666666666666785e+01
1.851999999999999886e+02 1.443000000000000114e+02 8.129999999999999716e+01
4.332000000000000028e+01 1.900000000000000000e+01 1.043999999999999950e+01
1.655000000000000000e+02 1.421428571428571388e+02 1.218571428571428612e+02
4.125000000000000000e+01 2.456250000000000000e+01 2.668750000000000000e+01
1.660000000000000000e+02 1.522857142857142776e+02 8.471428571428570820e+01
3.200000000000000000e+01 3.506250000000000000e+01 4.550000000000000000e+01
1.673913043478260931e+02 1.225217391304347814e+02 7.873913043478260931e+01
4.714285714285714590e+01 4.157142857142856940e+01 7.714285714285714413e+00
1.550000000000000000e+02 1.450000000000000000e+02 1.060000000000000000e+02
7.375000000000000000e+01 3.329999999999999716e+01 9.550000000000000711e+00
1.520000000000000000e+02 1.311999999999999886e+02 1.047999999999999972e+02
6.876923076923077360e+01 2.815384615384615330e+01 2.776923076923077005e+01
2.247500000000000000e+02 8.266666666666667140e+01 2.100000000000000000e+01
3.029411764705882248e+01 5.770588235294117396e+01 8.341176470588234793e+01
1.877272727272727195e+02 1.009090909090909065e+02 1.109090909090909172e+01
5.475000000000000000e+01 4.375000000000000000e+01 6.575000000000000000e+01
1.737272727272727195e+02 1.272727272727272663e+02 1.227272727272727337e+01
7.450000000000000000e+01 4.512500000000000000e+01 6.350000000000000000e+01
1.512500000000000000e+02 1.193214285714285694e+02 4.853571428571428470e+01
6.945714285714285552e+01 5.820000000000000284e+01 5.311428571428571388e+01
1.906666666666666572e+02 7.283333333333332860e+01 7.166666666666667140e+01
5.635714285714285410e+01 6.114285714285714590e+01 2.557142857142857295e+01
1.380000000000000000e+02 1.070000000000000000e+02 1.250000000000000000e+02
8.809999999999999432e+01 6.354999999999999716e+01 1.565000000000000036e+01
1.406944444444444571e+02 1.100277777777777715e+02 8.613888888888888573e+01
7.920754716981132049e+01 4.969811320754716633e+01 3.513207547169811562e+01
1.531034482758620641e+02 8.855172413793103203e+01 4.651724137931034164e+01
5.309090909090909349e+01 7.200000000000000000e+01 9.300000000000000000e+01
1.850000000000000000e+02 4.605555555555555713e+01 9.277777777777778567e+00
7.616666666666667140e+01 9.066666666666667140e+01 1.035000000000000000e+02
1.395416666666666572e+02 9.629166666666667140e+01 1.504166666666666607e+01
1.247857142857142918e+02 9.964285714285713880e+01 9.914285714285713880e+01
1.065000000000000000e+02 5.253333333333333144e+01 1.663333333333333286e+01
1.173333333333333286e+02 1.171666666666666714e+02 7.079166666666667140e+01
1.211086956521739069e+02 6.878260869565217206e+01 2.802173913043478137e+01
