1.392056074766355209e+02 1.269485981308411198e+02 9.444859813084111977e+01
2.199000000000000057e+02 2.296500000000000057e+02 2.462500000000000000e+02
9.500000000000000000e+00 1.200000000000000000e+01 1.000000000000000000e+00
2.466250000000000000e+02 2.268750000000000000e+02 1.963750000000000000e+02
1.825000000000000000e+01 1.725000000000000000e+01 7.875000000000000000e+00
2.470000000000000000e+02 2.455999999999999943e+02 2.334000000000000057e+02
3.033333333333333215e+01 2.033333333333333215e+01 1.133333333333333393e+01
2.418333333333333428e+02 2.285000000000000000e+02 2.133333333333333428e+02
2.371428571428571530e+01 3.057142857142857295e+01 1.485714285714285765e+01
2.326666666666666572e+02 2.290000000000000000e+02 2.223333333333333428e+02
3.100000000000000000e+01 2.868421052631579116e+01 2.589473684210526372e+01
2.220625000000000000e+02 2.246250000000000000e+02 2.261250000000000000e+02
4.825000000000000000e+01 3.012500000000000000e+01 1.462500000000000000e+01
2.167777777777777715e+02 2.185555555555555429e+02 2.338888888888888857e+02
4.776190476190475920e+01 4.642857142857143060e+01 1.861904761904762040e+01
1.782500000000000000e+02 2.169166666666666572e+02 2.491666666666666572e+02
1.422941176470588118e+02 2.876470588235294201e+01 3.423529411764705799e+01
1.921818181818181870e+02 2.193636363636363740e+02 2.437272727272727195e+02
1.676666666666666572e+02 1.866666666666666785e+01 2.800000000000000000e+01
2.078000000000000114e+02 2.190000000000000000e+02 2.278000000000000114e+02
4.629999999999999716e+01 4.729999999999999716e+01 3.914999999999999858e+01
2.255999999999999943e+02 2.208000000000000114e+02 2.034000000000000057e+02
5.779999999999999716e+01 5.500000000000000000e+01 3.426666666666666572e+01
2.146250000000000000e+02 2.127500000000000000e+02 2.095000000000000000e+02
6.144444444444444287e+01 6.033333333333333570e+01 2.266666666666666785e+01
1.914000000000000057e+02 2.040000000000000000e+02 2.478000000000000114e+02
7.022222222222222854e+01 6.866666666666667140e+01 3.300000000000000000e+01
1.890000000000000000e+02 2.133333333333333428e+02 2.286666666666666572e+02
7.285714285714286120e+01 5.571428571428571530e+01 4.000000000000000000e+01
1.746666666666666572e+02 2.038333333333333428e+02 2.381666666666666572e+02
1.689000000000000057e+02 4.150000000000000000e+01 4.950000000000000000e+01
1.876666666666666572e+02 2.066666666666666572e+02 2.296666666666666572e+02
8.822222222222222854e+01 8.066666666666667140e+01 3.166666666666666785e+01
2.316363636363636260e+02 2.072727272727272805e+02 1.898181818181818130e+02
6.858333333333332860e+01 6.275000000000000000e+01 4.816666666666666430e+01
1.986363636363636260e+02 2.067272727272727195e+02 2.132727272727272805e+02
7.071428571428570820e+01 7.228571428571429180e+01 4.414285714285714590e+01
2.005294117647058840e+02 2.014705882352941160e+02 1.985882352941176521e+02
7.920000000000000284e+01 6.779999999999999716e+01 4.620000000000000284e+01
2.178571428571428612e+02 2.043571428571428612e+02 1.748571428571428612e+02
6.787999999999999545e+01 6.956000000000000227e+01 6.235999999999999943e+01
1.987500000000000000e+02 2.021250000000000000e+02 1.818750000000000000e+02
9.250000000000000000e+01 6.608333333333332860e+01 4.416666666666666430e+01
2.140000000000000000e+02 1.815000000000000000e+02 1.985000000000000000e+02
8.516666666666667140e+01 7.483333333333332860e+01 5.833333333333333570e+01
2.045000000000000000e+02 1.840000000000000000e+02 1.820000000000000000e+02
9.535714285714286120e+01 8.271428571428570820e+01 4.428571428571428470e+01
2.216666666666666572e+02 1.976666666666666572e+02 1.610000000000000000e+02
9.609999999999999432e+01 7.179999999999999716e+01 5.610000000000000142e+01
2.328000000000000114e+02 1.920000000000000000e+02 1.510000000000000000e+02
8.966666666666667140e+01 8.966666666666667140e+01 4.791666666666666430e+01
1.789166666666666572e+02 1.841666666666666572e+02 1.884166666666666572e+02
9.959999999999999432e+01 1.020000000000000000e+02 4.039999999999999858e+01
2.039090909090909065e+02 1.913636363636363740e+02 1.679090909090909065e+02
1.027272727272727337e+02 8.890909090909090651e+01 6.772727272727273373e+01
2.108888888888888857e+02 1.791111111111111143e+02 1.528888888888888857e+02
9.734999999999999432e+01 9.177500000000000568e+01 8.432500000000000284e+01
1.822857142857142776e+02 1.649571428571428555e+02 1.377714285714285722e+02
1.076666666666666714e+02 1.074761904761904816e+02 6.390476190476190510e+01
1.597500000000000000e+02 1.650833333333333428e+02 1.731666666666666572e+02
2.308000000000000114e+02 7.890000000000000568e+01 7.425000000000000000e+01
1.479285714285714164e+02 1.512500000000000000e+02 1.482142857142857224e+02
1.204067796610169552e+02 1.026440677966101731e+02 6.172881355932203462e+01
2.217857142857142776e+02 1.035714285714285694e+02 1.036428571428571388e+02
